128 112
127 128
127 145
128 161
132 176
140 191
149 205
161 217
178 222
195 221
209 212
220 200
229 187
236 173
240 158
244 142
246 126
138 98
145 89
157 88
168 92
178 99
198 101
210 98
222 97
233 101
238 112
187 113
186 123
185 133
184 144
172 152
177 155
182 158
188 157
194 155
148 111
155 107
164 108
172 115
163 117
154 116
202 120
210 114
219 115
225 121
219 124
210 123
160 176
168 173
176 172
181 174
187 173
195 177
202 182
194 186
186 187
180 186
173 185
167 182
164 177
175 179
181 180
187 180
198 182
186 178
180 178
174 176
0 0
0 327
350 1
350 327