123 98
120 114
119 130
119 147
121 162
128 176
138 187
150 197
166 201
182 202
196 195
209 188
219 177
226 165
230 150
234 135
238 120
135 89
143 81
155 79
166 82
176 89
196 92
207 90
218 91
227 98
231 108
183 101
181 110
180 118
178 127
165 133
170 136
176 139
182 138
187 137
147 98
154 95
162 96
168 103
160 103
152 102
196 108
203 104
211 105
216 111
210 113
202 111
151 155
159 152
168 151
174 154
180 153
187 157
192 163
185 168
177 170
171 169
164 167
156 163
155 156
167 158
173 159
180 160
188 163
178 161
172 161
166 159
0 0
0 320
350 1
350 320
