19 37 18
37 19 20
49 32 50
32 49 31
1 0 36
29 31 40
31 29 30
2 1 41
31 48 2
48 31 49
3 2 48
8 58 57
58 8 7
4 3 48
65 51 52
51 65 62
5 4 48
30 33 32
33 30 34
6 5 59
14 35 46
35 14 54
7 6 58
1 36 41
9 8 56
10 9 55
31 41 40
41 31 2
11 10 55
47 29 42
29 47 35
12 11 54
40 38 39
38 40 37
13 12 54
27 39 21
39 27 28
14 13 54
18 37 36
15 14 46
36 0 17
16 15 45
29 40 39
18 36 17
27 22 42
22 27 21
22 21 20
20 19 23
20 23 22
42 29 28
20 21 38
42 22 43
27 42 28
26 45 25
45 26 16
22 23 43
23 19 24
23 24 44
44 24 25
25 16 26
43 23 44
47 44 46
44 47 43
35 30 29
30 35 34
53 35 54
35 53 52
28 29 39
55 9 56
57 61 66
61 57 58
66 51 62
51 66 61
31 30 32
33 50 32
50 33 51
52 33 34
33 52 51
34 35 52
37 40 41
36 37 41
37 20 38
38 21 39
46 44 45
42 43 47
44 25 45
45 15 46
46 35 47
5 48 59
48 49 60
56 8 57
49 50 67
64 63 53
63 64 55
50 51 67
56 63 55
63 56 62
52 53 63
11 55 54
53 54 64
54 55 64
52 63 65
59 67 58
67 59 60
56 57 62
58 67 61
58 6 59
67 60 49
59 48 60
67 51 61
62 57 66
63 62 65
